000000000000000000000000000000000000000000000000
000000000000000000000000000000000000000000000000
000000000000000000000000000000000000000000000000
000000000000000000000000000000000000000000000000
000000000000000000000000000000000000000000000000
000000000000000000000000000000000000000000000000
000000000000000000000000000000000000000000000000
000000000000000000000000000000000000000000000000
000000000000000000000000000000000000000000000000
000000000000000000000000000000000000000000000000
000000000000000000000000000000000000000000000000
000000000000000000000000000000000000000000000000
000000000000000000000000000000000000000000000000
000000000000000000000000000000000000000000000000
000000000000000000000000000000000000000000000000
000000000000000000000000000000000000000000000000
000000000000000000000000000000000000000000000000
000000000000000000000000000000000000000000000000
000000000000000000000000000000000000000000000000
000000000000000000000000000000000000000000000000
000000000000000000000000000000000000000000000000
000000000000000000000000000000000000000000000000
000000000000000000000000000000000000000000000000
000000000000000000000000000000000000000000000000
000000000000000000000000000000000000000000000000
000000000000000000000000000000000000000000000000
000000000000000000000000000000000000000000000000
000000000000000000000000000000000000000000000000
000000000000000000000000000000000000000000000000
000000000000000000000000000000000000000000000000

000000000000000000000000000000000000000000000000
000000000000111000000000000000001110000000000000
000000000000111000000000000000001110000000000000
000000000000111000000000000000001110000000000000
000000000000111000000000000000001110000000000000
000000000000111000000000000000001110000000000000
000000000000111000000000000000001110000000000000
000000000000111000000000000000001110000000000000
000000000000111000000000000000001110000000000000
000000000000111000000000000000001110000000000000
000000000000111000000000000000001110000000000000
000000000000111000000000000000001110000000000000
000000000000111000000000000000001110000000000000
011111111111111111111111111111111111111111111110
011111111111111111111111111111111111111111111110
011111111111111111111111111111111111111111111110
011111111111111111111111111111111111111111111110
000000000000111000000000000000001110000000000000
000000000000111000000000000000001110000000000000
000000000000111000000000000000001110000000000000
000000000000111000000000000000001110000000000000
000000000000111000000000000000001110000000000000
000000000000111000000000000000001110000000000000
000000000000111000000000000000001110000000000000
000000000000111000000000000000001110000000000000
000000000000111000000000000000001110000000000000
000000000000111000000000000000001110000000000000
000000000000111000000000000000001110000000000000
000000000000000000000000000000000000000000000000
000000000000000000000000000000000000000000000000

000000000000000000000000000000000000000000000000
000000000000010000000000000000000100000000000000
000000000000111000000000000000001110000000000000
000000000000111000000000000000001110000000000000
000000000000111000000000000000001110000000000000
000000000000111000000000000000001110000000000000
000000000000111000000000000000001110000000000000
000000000000111000000000000000001110000000000000
000000000000111000000000000000001110000000000000
000000000000111000000000000000001110000000000000
000000000000111000000000000000001110000000000000
000000000000111000000000000000001110000000000000
000000000000111000000000000000001110000000000000
011111111111111111111111111111111111111111111110
011111111110111000000000000000001110000000000010
011111111110111000000000000000001110000000000010
011111111111111111111111111111111111111111111110
000000000000111000000000000000001110000000000000
000000000000111000000000000000001110000000000000
000000000000111000000000000000001110000000000000
000000000000111000000000000000001110000000000000
000000000000111000000000000000001110000000000000
000000000000111000000000000000001110000000000000
000000000000111000000000000000001110000000000000
000000000000111000000000000000001110000000000000
000000000000111000000000000000001110000000000000
000000000000111000000000000000001110000000000000
000000000000000000000000000000000000000000000000
000000000000000000000000000000000000000000000000
000000000000000000000000000000000000000000000000

000000000000000000000000000000000000000000000000
000000000000000000000000000000000000000000000000
000000000000111000000000000000001110000000000000
000000000000111000000000000000001110000000000000
000000000000111000000000000000001110000000000000
000000000000111000000000000000001110000000000000
000000000000111000000000000000001110000000000000
000000000000111000000000000000001110000000000000
000000000000111000000000000000001110000000000000
000000000000111000000000000000001110000000000000
000000000000111000000000000000001110000000000000
000000000000111000000000000000001110000000000000
000000000000111000000000000000001110000000000000
011111111111111111111111111111111111111111111110
011111111110111000000000000000001110000000000010
011111111110111000000000000000001110000000000010
011111111111111111111111111111111111111111111110
000000000000111000000000000000001110000000000000
000000000000111000000000000000001110000000000000
000000000000111000000000000000001110000000000000
000000000000111000000000000000001110000000000000
000000000000111000000000000000001110000000000000
000000000000111000000000000000001110000000000000
000000000000111000000000000000001110000000000000
000000000000111000000000000000001110000000000000
000000000000111000000000000000001110000000000000
000000000000111000000000000000001110000000000000
000000000000000000000000000000000000000000000000
000000000000000000000000000000000000000000000000
000000000000000000000000000000000000000000000000

000000000000000000000000000000000000000000000000
000000000000000000000000000000000000000000000000
000000000000010000000000000000000100000000000000
000000000000111000000000000000001110000000000000
000000000000111000000000000000001110000000000000
000000000000111000000000000000001110000000000000
000000000000111000000000000000001110000000000000
000000000000111000000000000000001110000000000000
000000000000111000000000000000001110000000000000
000000000000111000000000000000001110000000000000
000000000000111000000000000000001110000000000000
000000000000111000000000000000001110000000000000
000000000000111000000000000000001110000000000000
011111111111111111111111111111111111111111111110
011111111111111111111111111111111111111111111110
011111111111111111111111111111111111111111111110
011111111111111111111111111111111111111111111110
000000000000111000000000000000001110000000000000
000000000000111000000000000000001110000000000000
000000000000111000000000000000001110000000000000
000000000000111000000000000000001110000000000000
000000000000111000000000000000001110000000000000
000000000000111000000000000000001110000000000000
000000000000111000000000000000001110000000000000
000000000000111000000000000000001110000000000000
000000000000111000000000000000001110000000000000
000000000000110000000000000000001000000000000000
000000000000000000000000000000000000000000000000
000000000000000000000000000000000000000000000000
000000000000000000000000000000000000000000000000

000000000000000000000000000000000000000000000000
000000000000000000000000000000000000000000000000
000000000000000000000000000000000000000000000000
000000000000111000000000000000001110000000000000
000000000000111000000000000000001110000000000000
000000000000111000000000000000001110000000000000
000000000000111000000000000000001110000000000000
000000000000111000000000000000001110000000000000
000000000000111000000000000000001110000000000000
000000000000111000000000000000001110000000000000
000000000000111000000000000000001110000000000000
000000000000111000000000000000001110000000000000
000000000000111000000000000000001110000000000000
000000000000111000000000000000001110000000000000
001111100000111111111111111100001110000000000000
001111100000111111111111111110001110000000000000
000000000000111000000000000000001110000000000000
000000000000111000000000000000001110000000000000
000000000000111000000000000000001110000000000000
000000000000111000000000000000001110000000000000
000000000000111000000000000000001110000000000000
000000000000111000000000000000001110000000000000
000000000000111000000000000000001110000000000000
000000000000111000000000000000001110000000000000
000000000000111000000000000000001110000000000000
000000000000111000000000000000001110000000000000
000000000000000000000000000000000000000000000000
000000000000000000000000000000000000000000000000
000000000000000000000000000000000000000000000000
000000000000000000000000000000000000000000000000

000000000000000000000000000000000000000000000000
000000000000000000000000000000000000000000000000
000000000000000000000000000000000000000000000000
000000000000010000000000000000000100000000000000
000000000000111000000000000000001110000000000000
000000000000111000000000000000001110000000000000
000000000000111000000000000000001110000000000000
000000000000111000000000000000001110000000000000
000000000000111000000000000000001110000000000000
000000000000111000000000000000001110000000000000
000000000000111000000000000000001110000000000000
000000000000111000000000000000001110000000000000
000000000000111000000000000000001110000000000000
000000000000111000000000000000001110000000000000
001111100000111111111111111111001110000000000000
001111100000111111111111111111001110000000000000
000000000000111000000000000000001110000000000000
000000000000111000000000000000001110000000000000
000000000000111000000000000000001110000000000000
000000000000111000000000000000001110000000000000
000000000000111000000000000000001110000000000000
000000000000111000000000000000001110000000000000
000000000000111000000000000000001110000000000000
000000000000111000000000000000001110000000000000
000000000000111000000000000000001110000000000000
000000000000000000000000000000000000000000000000
000000000000000000000000000000000000000000000000
000000000000000000000000000000000000000000000000
000000000000000000000000000000000000000000000000
000000000000000000000000000000000000000000000000

000000000000000000000000000000000000000000000000
000000000000000000000000000000000000000000000000
000000000000000000000000000000000000000000000000
000000000000000000000000000000000000000000000000
000000000000111000000000000000001110000000000000
000000000000111000000000000000001110000000000000
000000000000111000000000000000001110000000000000
000000000000111000000000000000001110000000000000
000000000000111000000000000000001110000000000000
000000000000111000000000000000001110000000000000
000000000000111000000000000000001110000000000000
000000000000111000000000000000001110000000000000
000000000000111000000000000000001110000000000000
000000000000111000000000000000001110000000000000
001111100000111111111111111111101110000000000000
001111100001111111111111111111101110000000000000
000000000001111111111111110111001110000000000000
000000000000111000000000000000001110000000000000
000000000000111000000000000000001110000000000000
000000000000111000000000000000001110000000000000
000000000000111000000000000000001110000000000000
000000000000111000000000000000001110000000000000
000000000000111000000000000000001110000000000000
000000000000111000000000000000001110000000000000
000000000000111000000000000000001110000000000000
000000000000000000000000000000000000000000000000
000000000000000000000000000000000000000000000000
000000000000000000000000000000000000000000000000
000000000000000000000000000000000000000000000000
000000000000000000000000000000000000000000000000

000000000000000000000000000000000000000000000000
000000000000000000000000000000000000000000000000
000000000000000000000000000000000000000000000000
000000000000000000000000000000000000000000000000
000000000000000000000000000000000000000000000000
000000000000111000000000000000001110000000000000
000000000000111000000000000000001110000000000000
000000000000111000000000000000001110000000000000
000000000000111000000000000000001110000000000000
000000000000111000000000000000001110000000000000
000000000000111000000000000000001110000000000000
000000000000111011111111111100001110000000000000
000000000111111111111111111111111110000000000000
000000000111111111111111111111111110000000000000
001111100111111111111111111111111010000000000000
001111100111111111111111111111111010000000000000
000000000111111111111111111101111110000000000000
000000000111111111111111111111111110000000000000
000000000011111111111111110111001110000000000000
000000000000111000000000000000001110000000000000
000000000000111000000000000000001110000000000000
000000000000111000000000000000001110000000000000
000000000000111000000000000000001110000000000000
000000000000111000000000000000001110000000000000
000000000000111000000000000000001110000000000000
000000000000000000000000000000000000000000000000
000000000000000000000000000000000000000000000000
000000000000000000000000000000000000000000000000
000000000000000000000000000000000000000000000000
000000000000000000000000000000000000000000000000

000000000000000000000000000000000000000000000000
000000000000000000000000000000000000000000000000
000000000000000000000000000000000000000000000000
000000000000000000000000000000000000000000000000
000000000000000000000000000000000000000000000000
000000000000011000000000000000000110000000000000
000000000000111000000000000000001110000000000000
000000000000111000000000000000001110000000000000
000000000000111000000000000000001110000000000000
000000000000111000000000000000001110000000000000
000000000111111111111111111111111110000000000000
000000000111111111111111111111111010000000000000
000000011110111000000000000011111110000000000000
000000011111111000000000000011111110000000000000
001111111100111110000000000010001110000000000000
001111111000111110000000000010111110000000000000
000000011100111000000000000110111110000000000000
000000001110111000000000001111111010000000000000
000000001111111011111111101111111110000000000000
000000000111111111111111111111111110000000000000
000000000000111000000000000000001110000000000000
000000000000111000000000000000001110000000000000
000000000000111000000000000000001110000000000000
000000000000111000000000000000001110000000000000
000000000000000000000000000000000000000000000000
000000000000000000000000000000000000000000000000
000000000000000000000000000000000000000000000000
000000000000000000000000000000000000000000000000
000000000000000000000000000000000000000000000000
000000000000000000000000000000000000000000000000

000000000000000000000000000000000000000000000000
000000000000000000000000000000000000000000000000
000000000000000000000000000000000000000000000000
000000000000000000000000000000000000000000000000
000000000000000000000000000000000000000000000000
000000000000000000000000000000000000000000000000
000000000000111000000000000000001110000000000000
000000000000111000000000000000001110000000000000
000000000000111000000000000000001110000000000000
000000000011111111111111111111001110000000000000
000000001111111000011100001111111110000000000000
000000011110111000000000000011111110000000000000
000000011100111000000000000000111110000000000000
000000001000111000000000000000001111100000000000
001111101000111110000000000010001011100000000000
001111111000111110000000000010001011100000000000
000000011000111000000000000000001111100000000000
000000011100111000000000000000111111000000000000
000000011110111000000000000011111110000000000000
000000000111111011111111101111111010000000000000
000000000011111111111111111111001110000000000000
000000000000111000000000000000001110000000000000
000000000000111000000000000000001110000000000000
000000000000111000000000000000001110000000000000
000000000000000000000000000000000000000000000000
000000000000000000000000000000000000000000000000
000000000000000000000000000000000000000000000000
000000000000000000000000000000000000000000000000
000000000000000000000000000000000000000000000000
000000000000000000000000000000000000000000000000

000000000000000000000000000000000000000000000000
000000000000000000000000000000000000000000000000
000000000000000000000000000000000000000000000000
000000000000000000000000000000000000000000000000
000000000000000000000000000000000000000000000000
000000000000000000000000000000000000000000000000
000000000000001000000000000000000010000000000000
000000000000111000000000000000001110000000000000
000000000001111111111111111100001110000000000000
000000000111111111111111111111111110000000000000
000000001110111000000000001111011010000000000000
000000011100111000000000000000111111000000000000
000000111000111000000000000000001011100000000000
000000111000111000000000000000001111110000000000
000111110000111110000000000010001111110000000000
000111110000111110000000000010001111110000000000
000000111000111000000000000000001011110000000000
000000111000111000000000000000001111100000000000
000000011110111000000000000000111110000000000000
000000001110111000000000000001111010000000000000
000000000111111111111111111111111110000000000000
000000000000111111111111111000001110000000000000
000000000000111000000000000000001110000000000000
000000000000000000000000000000000000000000000000
000000000000000000000000000000000000000000000000
000000000000000000000000000000000000000000000000
000000000000000000000000000000000000000000000000
000000000000000000000000000000000000000000000000
000000000000000000000000000000000000000000000000
000000000000000000000000000000000000000000000000

000000000000000000000000000000000000000000000000
000000000000000000000000000000000000000000000000
000000000000000000000000000000000000000000000000
000000000000000000000000000000000000000000000000
000000000000000000000000000000000000000000000000
000000000000000000000000000000000000000000000000
000000000000000000000000000000000000000000000000
000000000000111000000000000000001110000000000000
000000000001111111111111111110001110000000000000
000000000111111111111111111111111110000000000000
000000011100111000000000000000111110000000000000
000000011000111000000000000000001011000000000000
000000110000111000000000000000001111100000000000
000000110000111000000000000000001110110000000000
000001110000111110000000000010001110011000000000
000001110000111110000000000010001110011000000000
000000110000111000000000000000001110111000000000
000000111000111000000000000000001111100000000000
000000001000111000000000000000001011000000000000
000000011100111000000000000000001110000000000000
000000000111111111111111111111111110000000000000
000000000001111111111111111000001110000000000000
000000000000111000000000000000001110000000000000
000000000000000000000000000000000000000000000000
000000000000000000000000000000000000000000000000
000000000000000000000000000000000000000000000000
000000000000000000000000000000000000000000000000
000000000000000000000000000000000000000000000000
000000000000000000000000000000000000000000000000
000000000000000000000000000000000000000000000000

000000000000000000000000000000000000000000000000
000000000000000000000000000000000000000000000000
000000000000000000000000000000000000000000000000
000000000000000000000000000000000000000000000000
000000000000000000000000000000000000000000000000
000000000000000000000000000000000000000000000000
000000000000000000000000000000000000000000000000
000000000000000000000000000000000000000000000000
000000000011111111111111111111001110000000000000
000000001111111111111111110111111110000000000000
000000011100111000000000001000011110000000000000
000000011000111000000000000000001111100000000000
000000110000111000000000000000001110110000000000
000000110000111000000000000000001110111000000000
000001110000111110000000000010001110011110000000
000001110000111110000000000010001110001110000000
000000110000111000000000000000001110011000000000
000000110000111000000000000000001110110000000000
000000111000111000000000000000001111100000000000
000000011100111000000000000000011110000000000000
000000000111111111111111111111111110000000000000
000000000011111111111111111001021110000000000000
000000000000000000000000000000000000000000000000
000000000000000000000000000000000000000000000000
000000000000000000000000000000000000000000000000
000000000000000000000000000000000000000000000000
000000000000000000000000000000000000000000000000
000000000000000000000000000000000000000000000000
000000000000000000000000000000000000000000000000
000000000000000000000000000000000000000000000000

000000000000000000000000000000000000000000000000
000000000000000000000000000000000000000000000000
000000000000000000000000000000000000000000000000
000000000000000000000000000000000000000000000000
000000000000000000000000000000000000000000000000
000000000000000000000000000000000000000000000000
000000000000000000000000000000000000000000000000
000000000000000000000000000000000000000000000000
000000000011111111111111111111000000000000000000
000000001111111111111111111111111000000000000000
000000011000011000000000001100001111111111111111
000000011000001000000000001000000011100000000000
000000110000001100000000000100000000110000000000
000000110000000100000000000100000000011000000000
000000100000000110000000000010000000001101111000
000000100000000110000000000010000000000111111000
000000100000000000000000000000000000011100000000
000000110000000000000000000000000000110000000000
000000110000000000000000000000000011100000000000
000000011000000000000000000000001100000000000000
000000001111111111111111111111111000000000000000
000000000011111111111111111111111111111111111111
000000000000000000000000000000000000000000000000
000000000000000000000000000000000000000000000000
000000000000000000000000000000000000000000000000
000000000000000000000000000000000000000000000000
000000000000000000000000000000000000000000000000
000000000000000000000000000000000000000000000000
000000000000000000000000000000000000000000000000
000000000000000000000000000000000000000000000000

000000000000000000000000000000000000000000000000
000000000000000000000000000000000000000000000000
000000000000000000000000000000000000000000000000
000000000000000000000000000000000000000000000000
000000000000000000000000000000000000000000000000
000000000000000000000000000000000000000000000000
000000000000000000000000000000000000000000000000
000000000000000000000000000000000000000000000000
000000000000011000000000001111111111111111111111
000000000000011000000000001111111111111111111111
000000000000001100000000001100000000000000000000
000000000000011100000000001100000000000000000000
000000000000001100000000001110000000000000000000
000000000000001110000000000110000000000000000000
000000000000000110000000000110000000000000000110
000000000000000110000000000111000000000000011110
000000000000000011000000000011000000000000000000
000000000000000000000000000000000000000000000000
000000000000000000000000000000000000000000000000
000000000000000000000000000000000000000000000000
000000000000000000000000000000000000000000000000
000000000000000000000000000000000000000000000000
000000000000000000000000000000000000000000000000
000000000000000000000000000000000000000000000000
000000000000000000000000000000000000000000000000
000000000000000000000000000000000000000000000000
000000000000000000000000000000000000000000000000
000000000000000000000000000000000000000000000000
000000000000000000000000000000000000000000000000
000000000000000000000000000000000000000000000000

000000000000000000000000000000000000000000000000
000000000000000000000000000000000000000000000000
000000000000000000000000000000000000000000000000
000000000000000000000000000000000000000000000000
000000000000000000000000000000000000000000000000
000000000000000000000000000000000000000000000000
000000000000000000000000000000000000000000000000
000000000000000000000000000000000000000000000000
000000000000001000000000000100000000000000000000
000000000000001000000000000100000000000000000000
000000000000001100000000000110000000000000000000
000000000000001100000000000111111111111111111111
000000000000001110000000000110000000000000000000
000000000000000110000000000110000000000000000000
000000000000000110000000000011000000000000000000
000000000000000111000000000011000000000000000000
000000000000000111000000000011000000000000000000
000000000000000011000000000011100000000000000000
000000000000000011100000000001100000000000000000
000000000000000001100000000001100000000000000000
000000000000000001000000000000100000000000000000
000000000000000000000000000000000000000000000000
000000000000000000000000000000000000000000000000
000000000000000000000000000000000000000000000000
000000000000000000000000000000000000000000000000
000000000000000000000000000000000000000000000000
000000000000000000000000000000000000000000000000
000000000000000000000000000000000000000000000000
000000000000000000000000000000000000000000000000
000000000000000000000000000000000000000000000000

000000000000000000000000000000000000000000000000
000000000000000000000000000000000000000000000000
000000000000000000000000000000000000000000000000
000000000000000000000000000000000000000000000000
000000000000000000000000000000000000000000000000
000000000000000000000000000000000000000000000000
000000000000000000000000000000000000000000000000
000000000000000000000000000000000000000000000000
000000000000001000000000000100000000000000000000
000000000000001100000000000110000000000000000000
000000000000000100000000000010000000000000000000
000000000000000100000000000010000000000000000000
000000000000000010000000000011000000000000000000
000000000000000110000000000011111111111111111111
000000000000000111000000000011000000000000000000
000000000000000111000000000011000000000000000000
000000000000000001000000000001100000000000000000
000000000000000011100000000001100000000000000000
000000000000000001100000000000110000000000000000
000000000000000001100000000000110000000000000000
000000000000000001110000000001110000000000000000
000000000000000000110000000000110000000000000000
000000000000000000100000000000110000000000000000
000000000000000000000000000000000000000000000000
000000000000000000000000000000000000000000000000
000000000000000000000000000000000000000000000000
000000000000000000000000000000000000000000000000
000000000000000000000000000000000000000000000000
000000000000000000000000000000000000000000000000
000000000000000000000000000000000000000000000000

000000000000000000000000000000000000000000000000
000000000000000000000000000000000000000000000000
000000000000000000000000000000000000000000000000
000000000000000000000000000000000000000000000000
000000000000000000000000000000000000000000000000
000000000000000000000000000000000000000000000000
000000000000000000000000000000000000000000000000
000000000000000000000000000000000000000000000000
000000000000000000000000000000000000000000000000
000000000000000100000000000110000000000000000000
000000000000000100000000000110000000000000000000
000000000000000110000000000011000000000000000000
000000000000000010000000000011000000000000000000
000000000000000010000000000001000000000000000000
000000000000000111000000000011100000000000000000
000000000000000111000000000011100000000000000000
000000000000000001100000000001100000000000000000
000000000000000001100000000001100000000000000000
000000000000000000100000000000110000000000000000
000000000000000000100000000000110000000000000000
000000000000000001110000000000111000000000000000
000000000000000000110000000000011000000000000000
000000000000000000111111111111011111111111111111
000000000000000000000000000000000000000000000000
000000000000000000000000000000000000000000000000
000000000000000000000000000000000000000000000000
000000000000000000000000000000000000000000000000
000000000000000000000000000000000000000000000000
000000000000000000000000000000000000000000000000
000000000000000000000000000000000000000000000000

000000000000000000000000000000000000000000000000
000000000000000000000000000000000000000000000000
000000000000000000000000000000000000000000000000
000000000000000000000000000000000000000000000000
000000000000000000000000000000000000000000000000
000000000000000000000000000000000000000000000000
000000000000000000000000000000000000000000000000
000000000000000000000000000000000000000000000000
000000000000000000000000000000000000000000000000
000000000000000100000000000010000000000000000000
000000000000000100000000000010000000000000000000
000000000000000010000000000011000000000000000000
000000000000000010000000000011000000000000000000
000000000000000011000000000001100000000000000000
000000000000000111000000000011100000000000000000
000000000000000111000000000011100000000000000000
000000000000000001100000000000110000000000000000
000000000000000001100000000000110000000000000000
000000000000000000110000000000110000000000000000
000000000000000000110000000000110000000000000000
000000000000000000011000000000011000000000000000
000000000000000000010000000000011000000000000000
000000000000000000000000000000000000000000000000
000000000000000000000000000000000000000000000000
000000000000000000000000000000000000000000000000
000000000000000000000000000000000000000000000000
000000000000000000000000000000000000000000000000
000000000000000000000000000000000000000000000000
000000000000000000000000000000000000000000000000
000000000000000000000000000000000000000000000000

000000000000000000000000000000000000000000000000
000000000000000000000000000000000000000000000000
000000000000000000000000000000000000000000000000
000000000000000000000000000000000000000000000000
000000000000000000000000000000000000000000000000
000000000000000000000000000000000000000000000000
000000000000000000000000000000000000000000000000
000000000000000000000000000000000000000000000000
000000000000000000000000000000000000000000000000
000000000000000100000000000010000000000000000000
000000000000000110000000000011000000000000000000
000000000000000010000000000001000000000000000000
000000000000000010000000000001000000000000000000
000000000000000001000000000001100000000000000000
000000000000000111000000000011100000000000000000
000000000000000111000000000011110000000000000000
000000000000000000100000000000110000000000000000
000000000000000000100000000000110000000000000000
000000000000000000110000000000011000000000000000
000000000000000000110000000000011000000000000000
000000000000000000011000000000001000000000000000
000000000000000000011000000000001000000000000000
000000000000000000000000000000000000000000000000
000000000000000000000000000000000000000000000000
000000000000000000000000000000000000000000000000
000000000000000000000000000000000000000000000000
000000000000000000000000000000000000000000000000
000000000000000000000000000000000000000000000000
000000000000000000000000000000000000000000000000
000000000000000000000000000000000000000000000000

000000000000000000000000000000000000000000000000
000000000000000000000000000000000000000000000000
000000000000000000000000000000000000000000000000
000000000000000000000000000000000000000000000000
000000000000000000000000000000000000000000000000
000000000000000000000000000000000000000000000000
000000000000000000000000000000000000000000000000
000000000000000000000000000000000000000000000000
000000000000000000000000000000000000000000000000
000000000000000110000000000010000000000000000000
000000000000000110000000000010000000000000000000
000000000000000010000000000001000000000000000000
000000000000000010000000000001000000000000000000
000000000000000001000000000001100000000000000000
000000000000000111000000000011100000000000000000
000000000000000111000000000011110000000000000000
000000000000000000100000000000110000000000000000
000000000000000000100000000000010000000000000000
000000000000000000010000000000011000000000000000
000000000000000000010000000000011000000000000000
000000000000000000001000000000001100000000000000
000000000000000000001000000000001100000000000000
000000000000000000000000000000000000000000000000
000000000000000000000000000000000000000000000000
000000000000000000000000000000000000000000000000
000000000000000000000000000000000000000000000000
000000000000000000000000000000000000000000000000
000000000000000000000000000000000000000000000000
000000000000000000000000000000000000000000000000
000000000000000000000000000000000000000000000000

000000000000000000000000000000000000000000000000
000000000000000000000000000000000000000000000000
000000000000000000000000000000000000000000000000
000000000000000000000000000000000000000000000000
000000000000000000000000000000000000000000000000
000000000000000000000000000000000000000000000000
000000000000000000000000000000000000000000000000
000000000000000000000000000000000000000000000000
000000000000000000000000000000000000000000000000
000000000000000110000000000010000000000000000000
000000000000000110000000000010000000000000000000
000000000000000011000000000001000000000000000000
000000000000000011000000000001000000000000000000
000000000000000001000000000001100000000000000000
000000000000000111100000000011100000000000000000
000000000000000111100000000011110000000000000000
000000000000000000100000000000110000000000000000
000000000000000000110000000000011000000000000000
000000000000000000010000000000011000000000000000
000000000000000000010000000000011000000000000000
000000000000000000001000000000001100000000000000
000000000000000000001000000000001100000000000000
000000000000000000000000000000000000000000000000
000000000000000000000000000000000000000000000000
000000000000000000000000000000000000000000000000
000000000000000000000000000000000000000000000000
000000000000000000000000000000000000000000000000
000000000000000000000000000000000000000000000000
000000000000000000000000000000000000000000000000
000000000000000000000000000000000000000000000000

000000000000000000000000000000000000000000000000
000000000000000000000000000000000000000000000000
000000000000000000000000000000000000000000000000
000000000000000000000000000000000000000000000000
000000000000000000000000000000000000000000000000
000000000000000000000000000000000000000000000000
000000000000000000000000000000000000000000000000
000000000000000000000000000000000000000000000000
000000000000000000000000000000000000000000000000
000000000000000110000000000010000000000000000000
000000000000000110000000000010000000000000000000
000000000000000111000000000011000000000000000000
000000000000000011000000000001000000000000000000
000000000000000001000000000001100000000000000000
000000000000000111100000000011100000000000000000
000000000000000111100000000011110000000000000000
000000000000000000110000000000010000000000000000
000000000000000000010000000000011000000000000000
000000000000000000010000000000011000000000000000
000000000000000000010000000000011000000000000000
000000000000000000001000000000001100000000000000
000000000000000000001000000000001100000000000000
000000000000000000000000000000000000000000000000
000000000000000000000000000000000000000000000000
000000000000000000000000000000000000000000000000
000000000000000000000000000000000000000000000000
000000000000000000000000000000000000000000000000
000000000000000000000000000000000000000000000000
000000000000000000000000000000000000000000000000
000000000000000000000000000000000000000000000000

000000000000000000000000000000000000000000000000
000000000000000000000000000000000000000000000000
000000000000000000000000000000000000000000000000
000000000000000000000000000000000000000000000000
000000000000000000000000000000000000000000000000
000000000000000000000000000000000000000000000000
000000000000000000000000000000000000000000000000
000000000000000000000000000000000000000000000000
000000000000000000000000000000000000000000000000
000000000000000000000000000000000000000000000000
000000000000000100000000000110000000000000000000
000000000000000110000000000010000000000000000000
000000000000000010000000000011000000000000000000
000000000000000011000000000001000000000000000000
000000000000000111100000000011100000000000000000
000000000000000111100000000011110000000000000000
000000000000000000110000000000110000000000000000
000000000000000000110000000000011000000000000000
000000000000000000010000000000011000000000000000
000000000000000000001000000000001100000000000000
000000000000000000001000000000001100000000000000
000000000000000000000000000000000000000000000000
000000000000000000000000000000000000000000000000
000000000000000000000000000000000000000000000000
000000000000000000000000000000000000000000000000
000000000000000000000000000000000000000000000000
000000000000000000000000000000000000000000000000
000000000000000000000000000000000000000000000000
000000000000000000000000000000000000000000000000
000000000000000000000000000000000000000000000000

000000000000000000000000000000000000000000000000
000000000000000000000000000000000000000000000000
000000000000000000000000000000000000000000000000
000000000000000000000000000000000000000000000000
000000000000000000000000000000000000000000000000
000000000000000000000000000000000000000000000000
000000000000000000000000000000000000000000000000
000000000000000000000000000000000000000000000000
000000000000000000000000000000000000000000000000
000000000000000000000000000000000000000000000000
000000000000000100000000000110000000000000000000
000000000000000100000000000110000000000000000000
000000000000000010000000000011000000000000000000
000000000000000011000000000011000000000000000000
000000000000000111000000000011100000000000000000
000000000000000111000000000011100000000000000000
000000000000000001110000000000110000000000000000
000000000000000000110000000000010000000000000000
000000000000000000110000000000011000000000000000
000000000000000000011000000000001100000000000000
000000000000000000001000000000001100000000000000
000000000000000000000000000000000000000000000000
000000000000000000000000000000000000000000000000
000000000000000000000000000000000000000000000000
000000000000000000000000000000000000000000000000
000000000000000000000000000000000000000000000000
000000000000000000000000000000000000000000000000
000000000000000000000000000000000000000000000000
000000000000000000000000000000000000000000000000
000000000000000000000000000000000000000000000000

000000000000000000000000000000000000000000000000
000000000000000000000000000000000000000000000000
000000000000000000000000000000000000000000000000
000000000000000000000000000000000000000000000000
000000000000000000000000000000000000000000000000
000000000000000000000000000000000000000000000000
000000000000000000000000000000000000000000000000
000000000000000000000000000000000000000000000000
000000000000000000000000000000000000000000000000
000000000000000000000000000000000000000000000000
000000000000001100000000000111111111111111111111
000000000000001100000000000100000000000000000000
000000000000000110000000000011000000000000000000
000000000000000010000000000011000000000000000000
000000000000000111000000000011100000000000000000
000000000000000111000000000011100000000000000000
000000000000000001000000000000100000000000000000
000000000000000000100000000000010000000000000000
000000000000000000110000000000010000000000000000
000000000000000000011000000000011000000000000000
000000000000000000011000000000001000000000000000
000000000000000000000000000000000000000000000000
000000000000000000000000000000000000000000000000
000000000000000000000000000000000000000000000000
000000000000000000000000000000000000000000000000
000000000000000000000000000000000000000000000000
000000000000000000000000000000000000000000000000
000000000000000000000000000000000000000000000000
000000000000000000000000000000000000000000000000
000000000000000000000000000000000000000000000000

000000000000000000000000000000000000000000000000
000000000000000000000000000000000000000000000000
000000000000000000000000000000000000000000000000
000000000000000000000000000000000000000000000000
000000000000000000000000000000000000000000000000
000000000000000000000000000000000000000000000000
000000000000000000000000000000000000000000000000
000000000000000000000000000000000000000000000000
000000000000000000000000000000000000000000000000
000000000000000000000000000000000000000000000000
000000000000001000000000001100000000000000000000
000000000000001000000000001111111111111111111111
000000000000000110000000000110000000000000000000
000000000000000110000000000010000000000000000000
000000000000000110000000000011000000000000000000
000000000000000111000000000011100000000000000000
000000000000000001000000000001100000000000000000
000000000000000001100000000000110000000000000000
000000000000000000100000000000110000000000000000
000000000000000000010000000000011000000000000000
000000000000000000010000000000011000000000000000
000000000000000000000000000000000000000000000000
000000000000000000000000000000000000000000000000
000000000000000000000000000000000000000000000000
000000000000000000000000000000000000000000000000
000000000000000000000000000000000000000000000000
000000000000000000000000000000000000000000000000
000000000000000000000000000000000000000000000000
000000000000000000000000000000000000000000000000
000000000000000000000000000000000000000000000000

000000000000000000000000000000000000000000000000
000000000000000000000000000000000000000000000000
000000000000000000000000000000000000000000000000
000000000000000000000000000000000000000000000000
000000000000000000000000000000000000000000000000
000000000000000000000000000000000000000000000000
000000000000000000000000000000000000000000000000
000000000000000000000000000000000000000000000000
000000000000000000000000000000000000000000000000
000000000000000000000000000000000000000000000000
000000000000011000000000001100000000000000000000
000000000000011000000000001100000000000000000000
000000000000001100000000000110000000000000000000
000000000000000110000000000110000000000000000000
000000000000000110000000000010000000000000000000
000000000000000111000000000011000000000000000000
000000000000000001000000000001100000000000000000
000000000000000001100000000000110000000000000000
000000000000000000100000000000110000000000000000
000000000000000000110000000000011000000000000000
000000000000000000010000000000011000000000000000
000000000000000000000000000000000000000000000000
000000000000000000000000000000000000000000000000
000000000000000000000000000000000000000000000000
000000000000000000000000000000000000000000000000
000000000000000000000000000000000000000000000000
000000000000000000000000000000000000000000000000
000000000000000000000000000000000000000000000000
000000000000000000000000000000000000000000000000
000000000000000000000000000000000000000000000000

000000000000000000000000000000000000000000000000
000000000000000000000000000000000000000000000000
000000000000000000000000000000000000000000000000
000000000000000000000000000000000000000000000000
000000000000000000000000000000000000000000000000
000000000000000000000000000000000000000000000000
000000000000000000000000000000000000000000000000
000000000000000000000000000000000000000000000000
000000000000000000000000000000000000000000000000
000000000000000000000000000000000000000000000000
000000000000000000000000000000000000000000000000
000000000000000000000000000000000000000000000000
000000000000000000000000000000000000000000000000
000000000000001100000000000110000000000000000000
000000000000000110000000000110000000000000000000
000000000000000110000000000011000000000000000000
000000000000000011000000000011000000000000000000
000000000000000011100000000001100000000000000000
000000000000000000100000000000110000000000000000
000000000000000000100000000000010000000000000000
000000000000000000000000000000000000000000000000
000000000000000000000000000000000000000000000000
000000000000000000000000000000000000000000000000
000000000000000000000000000000000000000000000000
000000000000000000000000000000000000000000000000
000000000000000000000000000000000000000000000000
000000000000000000000000000000000000000000000000
000000000000000000000000000000000000000000000000
000000000000000000000000000000000000000000000000
000000000000000000000000000000000000000000000000

000000000000000000000000000000000000000000000000
000000000000000000000000000000000000000000000000
000000000000000000000000000000000000000000000000
000000000000000000000000000000000000000000000000
000000000000000000000000000000000000000000000000
000000000000000000000000000000000000000000000000
000000000000000000000000000000000000000000000000
000000000000000000000000000000000000000000000000
000000000000000000000000000000000000000000000000
000000000000000000000000000000000000000000000000
000000000000000000000000000000000000000000000000
000000000000000000000000000000000000000000000000
000000000000000000000000000000000000000000000000
000000000000000000000000000000000000000000000000
000000000000000110000000000010000000000000000000
000000000000000110000000000010000000000000000000
000000000000000000000000000000000000000000000000
000000000000000011000000000011000000000000000000
000000000000000001100000000001100000000000000000
000000000000000001100000000001100000000000000000
000000000000000000000000000000000000000000000000
000000000000000000000000000000000000000000000000
000000000000000000000000000000000000000000000000
000000000000000000000000000000000000000000000000
000000000000000000000000000000000000000000000000
000000000000000000000000000000000000000000000000
000000000000000000000000000000000000000000000000
000000000000000000000000000000000000000000000000
000000000000000000000000000000000000000000000000
000000000000000000000000000000000000000000000000

000000000000000000000000000000000000000000000000
000000000000000000000000000000000000000000000000
000000000000000000000000000000000000000000000000
000000000000000000000000000000000000000000000000
000000000000000000000000000000000000000000000000
000000000000000000000000000000000000000000000000
000000000000000000000000000000000000000000000000
000000000000000000000000000000000000000000000000
000000000000000000000000000000000000000000000000
000000000000000000000000000000000000000000000000
000000000000000000000000000000000000000000000000
000000000000000000000000000000000000000000000000
000000000000000000000000000000000000000000000000
000000000000000000000000000000000000000000000000
000000000000000110000000000011000000000000000000
000000000000000110000000000010000000000000000000
000000000000000000000000000000000000000000000000
000000000000000000000000000000000000000000000000
000000000000000000000000000000000000000000000000
000000000000000000000000000000000000000000000000
000000000000000000000000000000000000000000000000
000000000000000000000000000000000000000000000000
000000000000000000000000000000000000000000000000
000000000000000000000000000000000000000000000000
000000000000000000000000000000000000000000000000
000000000000000000000000000000000000000000000000
000000000000000000000000000000000000000000000000
000000000000000000000000000000000000000000000000
000000000000000000000000000000000000000000000000
000000000000000000000000000000000000000000000000

000000000000000000000000000000000000000000000000
000000000000000000000000000000000000000000000000
000000000000000000000000000000000000000000000000
000000000000000000000000000000000000000000000000
000000000000000000000000000000000000000000000000
000000000000000000000000000000000000000000000000
000000000000000000000000000000000000000000000000
000000000000000000000000000000000000000000000000
000000000000000000000000000000000000000000000000
000000000000000000000000000000000000000000000000
000000000000000000000000000000000000000000000000
000000000000000000000000000000000000000000000000
000000000000000000000000000000000000000000000000
000000000000000011100000000001110000000000000000
000000000000000111100000000011110000000000000000
000000000000000110000000000010000000000000000000
000000000000000000000000000000000000000000000000
000000000000000000000000000000000000000000000000
000000000000000000000000000000000000000000000000
000000000000000000000000000000000000000000000000
000000000000000000000000000000000000000000000000
000000000000000000000000000000000000000000000000
000000000000000000000000000000000000000000000000
000000000000000000000000000000000000000000000000
000000000000000000000000000000000000000000000000
000000000000000000000000000000000000000000000000
000000000000000000000000000000000000000000000000
000000000000000000000000000000000000000000000000
000000000000000000000000000000000000000000000000
000000000000000000000000000000000000000000000000

000000000000000000000000000000000000000000000000
000000000000000000000000000000000000000000000000
000000000000000000000000000000000000000000000000
000000000000000000000000000000000000000000000000
000000000000000000000000000000000000000000000000
000000000000000000000000000000000000000000000000
000000000000000000000000000000000000000000000000
000000000000000000000000000000000000000000000000
000000000000000000000000000000000000000000000000
000000000000000000000000000000000000000000000000
000000000000000000000000000000000000000000000000
000000000000000000000000000000000000000000000000
000000000000000000010000000000001000000000000000
000000000000000001110000000001111000000000000000
000000000000000111100000000011110000000000000000
000000000000000110000000000010000000000000000000
000000000000000000000000000000000000000000000000
000000000000000000000000000000000000000000000000
000000000000000000000000000000000000000000000000
000000000000000000000000000000000000000000000000
000000000000000000000000000000000000000000000000
000000000000000000000000000000000000000000000000
000000000000000000000000000000000000000000000000
000000000000000000000000000000000000000000000000
000000000000000000000000000000000000000000000000
000000000000000000000000000000000000000000000000
000000000000000000000000000000000000000000000000
000000000000000000000000000000000000000000000000
000000000000000000000000000000000000000000000000
000000000000000000000000000000000000000000000000

000000000000000000000000000000000000000000000000
000000000000000000000000000000000000000000000000
000000000000000000000000000000000000000000000000
000000000000000000000000000000000000000000000000
000000000000000000000000000000000000000000000000
000000000000000000000000000000000000000000000000
000000000000000000000000000000000000000000000000
000000000000000000000000000000000000000000000000
000000000000000000000000000000000000000000000000
000000000000000000000000000000000000000000000000
000000000000000000000000000000000000000000000000
000000000000000000000000000000000000000000000000
000000000000000000000000000000000000000000000000
000000000000000010000000000001100000000000000000
000000000000000111000000000011100000000000000000
000000000000000110000000000010000000000000000000
000000000000000000000000000000000000000000000000
000000000000000000000000000000000000000000000000
000000000000000000000000000000000000000000000000
000000000000000000000000000000000000000000000000
000000000000000000000000000000000000000000000000
000000000000000000000000000000000000000000000000
000000000000000000000000000000000000000000000000
000000000000000000000000000000000000000000000000
000000000000000000000000000000000000000000000000
000000000000000000000000000000000000000000000000
000000000000000000000000000000000000000000000000
000000000000000000000000000000000000000000000000
000000000000000000000000000000000000000000000000
000000000000000000000000000000000000000000000000

000000000000000000000000000000000000000000000000
000000000000000000000000000000000000000000000000
000000000000000000000000000000000000000000000000
000000000000000000000000000000000000000000000000
000000000000000000000000000000000000000000000000
000000000000000000000000000000000000000000000000
000000000000000000000000000000000000000000000000
000000000000000000000000000000000000000000000000
000000000000000000000000000000000000000000000000
000000000000000000000000000000000000000000000000
000000000000000000000000000000000000000000000000
000000000000000000000000000000000000000000000000
000000000000000000000000000000000000000000000000
000000000000000000000000000000000000000000000000
000000000000000000000000000000000000000000000000
000000000000000000000000000000000000000000000000
000000000000000000000000000000000000000000000000
000000000000000000000000000000000000000000000000
000000000000000000000000000000000000000000000000
000000000000000000000000000000000000000000000000
000000000000000000000000000000000000000000000000
000000000000000000000000000000000000000000000000
000000000000000000000000000000000000000000000000
000000000000000000000000000000000000000000000000
000000000000000000000000000000000000000000000000
000000000000000000000000000000000000000000000000
000000000000000000000000000000000000000000000000
000000000000000000000000000000000000000000000000
000000000000000000000000000000000000000000000000
000000000000000000000000000000000000000000000000

