000000000000000000000
000000000000000000000
000000000000000000000
000000000000000000000
000000000000000000000
000000000000000000000
000000000000000000000
000000000000000000000
000000000000000000000
000000000000000000000
000000000000000000000
000000000000000000000
000000000000000000000
000000000000000000000

000000000000000000000
000002332000023320000
000002332000023320000
000002332000023320000
000002332000023320000
000002332000023320000
233333333333333333332
233333333333333333332
000002332000023320000
000002332000023320000
000002332000023320000
000002332000023320000
000002332000023320000
000000000000000000000

000000000000000000000
000000030000000300000
000002332000023320000
000002332000023320000
000002332000023320000
000002332000023320000
233333333333333333332
233333333333333333332
000002332000023320000
000002332000023320000
000002332000023320000
000002332000023320000
000000000000000000000
000000000000000000000

000000000000000000000
000000000000000000000
000002332000023320000
000002332000023320000
000002332000023320000
000002332000023320000
233333333333333333332
233333333333333333332
000002332000023320000
000002332000023320000
000002332000023320000
000002332000023320000
000000000000000000000
000000000000000000000

000000000000000000000
000000000000000000000
000000030000000300000
000002332000023320000
000002332000023320000
000002333333323320000
000023333333333320000
003333333333333320000
000023333333333320000
000002332000023320000
000002332000023320000
000000000000000000000
000000000000000000000
000000000000000000000

000000000000000000000
000000000000000000000
000000000000000000000
000002332000023320000
000023333333333320000
000233333333333320000
002332332002323332000
003332332002323332000
000233333333333320000
000023333333333320000
000002332000023320000
000000000000000000000
000000000000000000000
000000000000000000000

000000000000000000000
000000000000000000000
000000000000000000000
000000000000000000000
000023333333333320000
000232332023223332000
002332332002323333320
002332332002323333320
002332332000023332000
000023333333333320000
000000000000000000000
000000000000000000000
000000000000000000000
000000000000000000000

000000000000000000000
000000000000000000000
000000000000000000000
000000000000000000000
000002332023320000000
000002332023320000000
000000233202332000000
000000233202332002332
000000000000000000000
000000000000000000000
000000000000000000000
000000000000000000000
000000000000000000000
000000000000000000000

000000000000000000000
000000000000000000000
000000000000000000000
000000000000000000000
000000232002320000000
000000232002320000000
000000233202332000000
000000233202332000000
000000023320233200000
000000023320233200000
000000000000000000000
000000000000000000000
000000000000000000000
000000000000000000000

000000000000000000000
000000000000000000000
000000000000000000000
000000000000000000000
000000232002320000000
000000232002320000000
000000233202332000000
000000233202332000000
000000002320023200000
000000002320023200000
000000000000000000000
000000000000000000000
000000000000000000000
000000000000000000000

000000000000000000000
000000000000000000000
000000000000000000000
000000000000000000000
000000000000000000000
000000232002320000000
000000233202332000000
000000233202332000000
000000023320233200000
000000002320023200000
000000000000000000000
000000000000000000000
000000000000000000000
000000000000000000000

000000000000000000000
000000000000000000000
000000000000000000000
000000000000000000000
000000000000000000000
000000232002320000000
000000233202332000000
000000233202332000000
000000023320233200000
000000002320023200000
000000000000000000000
000000000000000000000
000000000000000000000
000000000000000000000

000000000000000000000
000000000000000000000
000000000000000000000
000000000000000000000
000000000000000000000
000002332023320000000
000000232002320000000
000000233202332000000
000000233200232000000
000000023320233200000
000000000000000000000
000000000000000000000
000000000000000000000
000000000000000000000

000000000000000000000
000000000000000000000
000000000000000000000
000000000000000000000
000000000000000000000
000000000000000000000
000000232002320000000
000000233202332000000
000000233202332000000
000000023000230000000
000000000000000000000
000000000000000000000
000000000000000000000
000000000000000000000

000000000000000000000
000000000000000000000
000000000000000000000
000000000000000000000
000000000000000000000
000000000000000000000
000000023320233200000
000000232002320000000
000000000000000000000
000000000000000000000
000000000000000000000
000000000000000000000
000000000000000000000
000000000000000000000

000000000000000000000
000000000000000000000
000000000000000000000
000000000000000000000
000000000000000000000
000000000000000000000
000000000000000000000
000000000000000000000
000000000000000000000
000000000000000000000
000000000000000000000
000000000000000000000
000000000000000000000
000000000000000000000

